5
9
1

0 
 
0 0 0 0 0 0 0 0 
0 0 0 0 

0 
 
0 0 0 0 0 0 0 0 
0 0 0 0 
6988
0 
1 0 1 0 1 0 1 0 
0 0 0 0 0 0 0 0 
1 1 1 1 

0 
 
0 0 0 0 0 0 0 0 
0 0 0 0 

0 
 
0 0 0 0 0 0 0 0 
0 0 0 0 

0 
 
0 0 0 0 0 0 0 0 
0 0 0 0 

0 
 
0 0 0 0 0 0 0 0 
0 0 0 0 
9474
0 0 0 0 0 0 0 0 0 0 0 0 0 0 0 0 0 0 
0 0 0 0 0 0 0 0 
0 0 0 0 0 0 0 0 
1 0 1 0 

0 
 
0 0 0 0 0 0 0 0 
0 0 0 0 

0 
 
0 0 0 0 0 0 0 0 
0 0 0 0 
6988
0 
1 0 1 0 1 0 1 0 
0 0 0 0 0 0 0 0 
1 1 1 1 
9472
0 0 0 0 0 0 0 0 0 0 0 0 0 0 0 0 0 0 
0 0 0 0 0 0 0 0 
0 0 0 0 0 0 0 0 
0 1 0 1 
9532
0 0 0 0 0 0 0 0 1 0 0 0 0 0 0 0 0 0 0 0 0 0 0 0 0 0 0 0 0 0 0 0 0 0 0 0 
0 0 0 0 0 0 0 0 
0 0 0 0 0 0 0 0 
1 1 1 1 
9472
0 0 0 0 0 0 0 0 0 0 0 0 0 0 0 0 0 0 
0 0 0 0 0 0 0 0 
0 0 0 0 0 0 0 0 
0 1 0 1 
6988
0 
1 0 1 0 1 0 1 0 
0 0 0 0 0 0 0 0 
1 1 1 1 

0 
 
0 0 0 0 0 0 0 0 
0 0 0 0 

0 
 
0 0 0 0 0 0 0 0 
0 0 0 0 
9474
0 0 0 0 0 0 0 0 0 0 0 0 0 0 0 0 0 0 
0 0 0 0 0 0 0 0 
0 0 0 0 0 0 0 0 
1 0 1 0 

0 
 
0 0 0 0 0 0 0 0 
0 0 0 0 

0 
 
0 0 0 0 0 0 0 0 
0 0 0 0 

0 
 
0 0 0 0 0 0 0 0 
0 0 0 0 

0 
 
0 0 0 0 0 0 0 0 
0 0 0 0 
6988
0 
1 0 1 0 1 0 1 0 
0 0 0 0 0 0 0 0 
1 1 1 1 

0 
 
0 0 0 0 0 0 0 0 
0 0 0 0 

0 
 
0 0 0 0 0 0 0 0 
0 0 0 0 
