6
9
random

0 
 
 
0 0 0 0 
9484
3.214286e-01 0 0 0 0 0 0 5.951843e-01 0 0 0 0 0 0 
0 0 0 3.214286e-01 0 5.951843e-01 0 0 
0 0 0 3.214286e-01 0 5.951843e-01 0 0 
0 1 1 0 
9472
3.214286e-01 3.214286e-01 3.214286e-01 3.214286e-01 3.214286e-01 3.214286e-01 3.214286e-01 3.214286e-01 3.214286e-01 1.607133e+00 2.571429e+00 2.571429e+00 2.571429e+00 2.571429e+00 2.571429e+00 2.571429e+00 2.571429e+00 2.571429e+00 
0 0 2.571429e+00 3.214286e-01 0 0 3.214286e-01 1.607133e+00 
0 0 2.571429e+00 3.214286e-01 0 0 3.214286e-01 1.607133e+00 
0 1 0 1 
9472
3.214286e-01 3.214286e-01 3.214286e-01 3.214286e-01 3.214286e-01 3.214286e-01 3.214286e-01 3.214286e-01 3.214286e-01 2.571429e+00 2.571429e+00 2.571429e+00 2.571429e+00 2.571429e+00 2.571429e+00 2.571429e+00 2.571429e+00 2.571429e+00 
0 0 2.571429e+00 3.214286e-01 0 0 3.214286e-01 2.571429e+00 
0 0 2.571429e+00 3.214286e-01 0 0 3.214286e-01 2.571429e+00 
0 1 0 1 
9488
3.214286e-01 3.214286e-01 3.214286e-01 3.214286e-01 3.214286e-01 3.214286e-01 3.214286e-01 2.571429e+00 2.571429e+00 2.571429e+00 2.571429e+00 2.571429e+00 2.571429e+00 2.571429e+00 
0 0 0 0 2.571429e+00 3.214286e-01 3.214286e-01 2.571429e+00 
0 0 0 0 2.571429e+00 3.214286e-01 3.214286e-01 2.571429e+00 
0 0 1 1 

0 
 
 
0 0 0 0 

0 
 
 
0 0 0 0 
9474
0 1.150842e+00 2.211631e+00 2.642172e+00 2.864277e+00 2.958987e+00 2.990479e+00 2.998336e+00 2.999788e+00 7.009277e-01 5.654297e-01 8.085937e-01 4.218750e-01 1.875000e-01 7.357616e-01 0 0 6.786118e-01 
6.786118e-01 0 0 0 2.999788e+00 7.009277e-01 0 0 
6.786118e-01 0 0 0 2.999788e+00 7.009277e-01 0 0 
1 0 1 0 

0 
 
 
0 0 0 0 
9484
3.214286e-01 3.214286e-01 3.214286e-01 3.214286e-01 3.214286e-01 3.214286e-01 3.214286e-01 2.571429e+00 2.571429e+00 2.571429e+00 2.571429e+00 2.571429e+00 2.571429e+00 2.571429e+00 
0 0 2.571429e+00 3.214286e-01 3.214286e-01 2.571429e+00 0 0 
0 0 2.571429e+00 3.214286e-01 3.214286e-01 2.571429e+00 0 0 
0 1 1 0 
9711
1.285714e+00 1.285714e+00 1.285714e+00 9.642857e-01 1.607143e+00 1.285714e+00 2.571429e+00 3.214286e-01 1.285714e+00 1.285714e+00 1.285714e+00 9.642857e-01 1.607143e+00 1.285714e+00 2.571429e+00 3.214286e-01 1.285714e+00 1.285714e+00 1.285714e+00 9.642857e-01 1.607143e+00 1.285714e+00 2.571429e+00 3.214286e-01 1.285714e+00 1.285714e+00 1.285714e+00 9.642857e-01 1.607143e+00 1.285714e+00 2.571429e+00 3.214286e-01 
3.214286e-01 2.571429e+00 3.214286e-01 2.571429e+00 3.214286e-01 2.571429e+00 3.214286e-01 2.571429e+00 
3.214286e-01 2.571429e+00 3.214286e-01 2.571429e+00 3.214286e-01 2.571429e+00 3.214286e-01 2.571429e+00 
1 1 1 1 
9488
2.571429e+00 2.571429e+00 2.571429e+00 2.571429e+00 2.571429e+00 2.571429e+00 2.571429e+00 3.214286e-01 3.214286e-01 3.214286e-01 3.214286e-01 3.214286e-01 3.214286e-01 3.214286e-01 
0 0 0 0 3.214286e-01 2.571429e+00 2.571429e+00 3.214286e-01 
0 0 0 0 3.214286e-01 2.571429e+00 2.571429e+00 3.214286e-01 
0 0 1 1 
9484
4.921875e-01 8.437500e-01 3.750000e-01 1.125000e+00 0 0 2.433743e-01 2.831032e+00 2.418089e+00 1.898757e+00 1.540020e+00 1.346746e+00 1.312449e+00 1.270580e+00 
0 0 1.270580e+00 4.921875e-01 2.433743e-01 2.831032e+00 0 0 
0 0 1.270580e+00 4.921875e-01 2.433743e-01 2.831032e+00 0 0 
0 1 1 0 
9532
2.999981e+00 2.999999e+00 3.000000e+00 1.232082e+00 6.183586e-01 6.755219e-01 5.993042e-01 1.017918e+00 24 5.336582e-01 5.333024e-01 8.390800e-01 8.927765e-01 7.064209e-01 5.581055e-01 7.558594e-01 3.532104e-01 0 2.999981e+00 2.999999e+00 3.000000e+00 1.232082e+00 6.183586e-01 6.755219e-01 5.993042e-01 1.017918e+00 0 1.308483e+00 1.255551e+00 1.325938e+00 8.927765e-01 7.064209e-01 5.581055e-01 7.558594e-01 3.532104e-01 0 
5.993042e-01 2.999981e+00 7.558594e-01 5.336582e-01 5.993042e-01 2.999981e+00 7.558594e-01 1.308483e+00 
5.993042e-01 2.999981e+00 7.558594e-01 5.336582e-01 5.993042e-01 2.999981e+00 7.558594e-01 1.308483e+00 
1 1 1 1 
9472
5.526913e-01 5.657856e-01 4.760340e-01 4.511175e-01 5.077735e-01 3.615335e-01 4.083349e-01 5.555090e-01 5.674711e-01 4.921875e-01 8.437500e-01 3.750000e-01 1.125000e+00 0 0 3.465232e-01 3.994655e-01 4.294102e-01 
0 0 4.294102e-01 5.526913e-01 0 0 5.674711e-01 4.921875e-01 
0 0 4.294102e-01 5.526913e-01 0 0 5.674711e-01 4.921875e-01 
0 1 0 1 
9524
3.697684e-01 4.201924e-01 6.681141e-01 6.652470e-01 3.808539e-01 5.717173e-01 5.869102e-01 5.754788e-01 5.896218e-01 3.214286e-01 3.214286e-01 1.607143e-01 1.607143e-01 5.434942e-01 5.253410e-01 5.495453e-01 6.779872e-01 7.210170e-01 5.016741e-01 6.160714e-01 4.017856e-01 1.741071e-01 2.785714e+00 2.571429e+00 2.571429e+00 7.852958e-01 
2.571429e+00 3.214286e-01 1.741071e-01 3.697684e-01 0 0 5.896218e-01 5.434942e-01 
2.571429e+00 3.214286e-01 1.741071e-01 3.697684e-01 0 0 5.896218e-01 5.434942e-01 
1 1 0 1 
9508
3.214286e-01 3.214286e-01 3.214286e-01 3.214286e-01 1.607143e-01 5.000192e-01 4.583028e-01 5.139100e-01 4.397082e-01 5.719100e-01 8.035714e-02 4.017857e-02 4.017857e-02 5.951843e-01 7.064209e-01 5.581055e-01 1.095164e+00 7.897760e-01 6.392825e-01 1.442090e+00 2.571429e+00 2.571429e+00 4.171633e-01 8.187823e-01 2.832903e-01 5.576632e-01 
2.571429e+00 3.214286e-01 0 0 4.397082e-01 5.951843e-01 2.832903e-01 5.719100e-01 
2.571429e+00 3.214286e-01 0 0 4.397082e-01 5.951843e-01 2.832903e-01 5.719100e-01 
1 0 1 1 
9474
3.214286e-01 3.214286e-01 3.214286e-01 3.214286e-01 3.214286e-01 3.214286e-01 3.214286e-01 3.214286e-01 3.214286e-01 2.571429e+00 2.571429e+00 2.571429e+00 2.571429e+00 2.571429e+00 2.571429e+00 2.571429e+00 2.571429e+00 2.571429e+00 
2.571429e+00 3.214286e-01 0 0 3.214286e-01 2.571429e+00 0 0 
2.571429e+00 3.214286e-01 0 0 3.214286e-01 2.571429e+00 0 0 
1 0 1 0 
9500
1.828125e+00 6.534035e-01 2.159096e+00 1.245557e+00 2.993175e+00 2.997953e+00 2.997416e+00 2.999342e+00 2.999855e+00 2.822182e+00 5.796283e+00 2.993234e+00 9.977445e-01 5.218366e-01 5.713882e-01 7.639046e-01 7.325732e-01 7.770598e-01 3.608941e-01 4.015945e-01 3.542999e-01 4.604971e-01 1.536407e+00 5.159061e-01 8.240893e-01 3.608941e-01 
2.999855e+00 5.218366e-01 8.240893e-01 2.822182e+00 4.604971e-01 1.828125e+00 0 0 
2.999855e+00 5.218366e-01 8.240893e-01 2.822182e+00 4.604971e-01 1.828125e+00 0 0 
1 1 1 0 
9524
7.064209e-01 5.581055e-01 7.558594e-01 4.921875e-01 4.218750e-01 2.551696e+00 2.385904e+00 2.559025e+00 2.709066e+00 7.009277e-01 5.654297e-01 1.360974e+00 4.979279e-01 1.112057e+00 1.207357e+00 7.375625e-01 1.193200e+00 5.223917e-01 1.390584e+00 1.743404e+00 2.146216e+00 1.892884e+00 9.251246e-01 2.808384e+00 2.999256e+00 4.897685e-01 
2.999256e+00 7.009277e-01 1.892884e+00 7.064209e-01 0 0 2.709066e+00 1.112057e+00 
2.999256e+00 7.009277e-01 1.892884e+00 7.064209e-01 0 0 2.709066e+00 1.112057e+00 
1 1 0 1 
9472
6.914063e-01 8.906250e-01 5.625000e-01 2.500000e-01 9.232616e-01 0 0 6.786118e-01 5.951843e-01 1.675030e+00 1.520573e+00 1.449138e+00 1.481239e+00 1.629000e+00 1.877062e+00 2.176691e+00 2.464831e+00 2.693440e+00 
0 0 2.693440e+00 6.914063e-01 0 0 5.951843e-01 1.675030e+00 
0 0 2.693440e+00 6.914063e-01 0 0 5.951843e-01 1.675030e+00 
0 1 0 1 
9488
4.044478e-01 3.953051e-01 4.997798e-01 4.585223e-01 5.132185e-01 4.822415e-01 7.939453e-01 2.845803e+00 2.932049e+00 2.973809e+00 2.991186e+00 2.997416e+00 2.999342e+00 2.999855e+00 
0 0 0 0 2.999855e+00 4.044478e-01 7.939453e-01 2.845803e+00 
0 0 0 0 2.999855e+00 4.044478e-01 7.939453e-01 2.845803e+00 
0 0 1 1 
9474
5.384086e-01 4.058664e-01 5.788225e-01 3.331473e-01 6.629464e-01 2.008929e-01 2.008929e-01 3.339759e-01 3.604470e-01 7.009277e-01 5.654297e-01 8.085937e-01 4.218750e-01 1.875000e-01 7.357616e-01 0 0 6.786118e-01 
6.786118e-01 5.384086e-01 0 0 3.604470e-01 7.009277e-01 0 0 
6.786118e-01 5.384086e-01 0 0 3.604470e-01 7.009277e-01 0 0 
1 0 1 0 
9474
3.214286e-01 3.214286e-01 3.214286e-01 3.214286e-01 3.214286e-01 3.214286e-01 3.214286e-01 3.214286e-01 3.214286e-01 2.571429e+00 2.571429e+00 2.571429e+00 2.571429e+00 2.571429e+00 2.571429e+00 2.571429e+00 2.571429e+00 2.571429e+00 
2.571429e+00 3.214286e-01 0 0 3.214286e-01 2.571429e+00 0 0 
2.571429e+00 3.214286e-01 0 0 3.214286e-01 2.571429e+00 0 0 
1 0 1 0 
9474
3.065473e-01 1.644388e-01 5.186773e-01 7.589342e-02 9.227415e-02 4.418475e-01 4.032947e-01 4.574454e-01 3.804518e-01 0 1.406250e+00 1.125000e+00 1.500000e+00 1 1 1 1 8.789063e-01 
8.789063e-01 3.065473e-01 0 0 3.804518e-01 0 0 0 
8.789063e-01 3.065473e-01 0 0 3.804518e-01 0 0 0 
1 0 1 0 

0 
 
 
0 0 0 0 

0 
 
 
0 0 0 0 
9492
2.831032e+00 2.418089e+00 1.898757e+00 1.540020e+00 1.346746e+00 1.312449e+00 1.270580e+00 4.921875e-01 8.437500e-01 3.750000e-01 1.125000e+00 0 0 8.685593e-02 
8.685593e-02 2.831032e+00 1.270580e+00 4.921875e-01 0 0 0 0 
8.685593e-02 2.831032e+00 1.270580e+00 4.921875e-01 0 0 0 0 
1 1 0 0 
9532
4.548913e-01 2.882258e+00 2.999974e+00 1.232082e+00 6.183586e-01 6.755219e-01 5.993042e-01 1.017918e+00 24 1.308483e+00 1.255551e+00 1.325938e+00 8.927765e-01 7.064209e-01 5.581055e-01 7.558594e-01 3.532104e-01 0 2.999981e+00 2.999999e+00 3.000000e+00 1.232082e+00 6.183586e-01 6.755219e-01 5.993042e-01 1.017918e+00 0 1.308483e+00 1.255551e+00 1.325938e+00 8.927765e-01 7.064209e-01 5.581055e-01 7.558594e-01 3.532104e-01 0 
5.993042e-01 4.548913e-01 7.558594e-01 1.308483e+00 5.993042e-01 2.999981e+00 7.558594e-01 1.308483e+00 
5.993042e-01 4.548913e-01 7.558594e-01 1.308483e+00 5.993042e-01 2.999981e+00 7.558594e-01 1.308483e+00 
1 1 1 1 
9508
3.214286e-01 3.214286e-01 3.214286e-01 3.214286e-01 1.607143e-01 7.232143e-01 1.607143e-01 3.080122e-01 4.544246e-01 4.921875e-01 8.437500e-01 2.266020e-01 7.900615e-01 1.763608e+00 2.385208e+00 2.459591e+00 2.429325e+00 4.368919e+00 5.028487e+00 2.571429e+00 2.571429e+00 2.571429e+00 6.155162e-01 1.273205e+00 1.270580e+00 4.088986e-01 
2.571429e+00 3.214286e-01 0 0 4.544246e-01 1.763608e+00 1.270580e+00 4.921875e-01 
2.571429e+00 3.214286e-01 0 0 4.544246e-01 1.763608e+00 1.270580e+00 4.921875e-01 
1 0 1 1 
9492
4.744294e-01 0 0 0 0 0 0 4.158521e-01 0 0 0 0 0 0 
0 4.744294e-01 0 4.158521e-01 0 0 0 0 
0 4.744294e-01 0 4.158521e-01 0 0 0 0 
1 1 0 0 
9472
6.565654e-01 1.085935e+00 7.144031e-01 1.359124e+00 9.788093e-01 5.937500e-01 1.098374e+00 4.394531e-01 9.140625e-01 0 8.789063e-01 1.828125e+00 5.625000e-01 2.250000e+00 0 8.789063e-01 1.828125e+00 5.625000e-01 
0 0 5.625000e-01 6.565654e-01 0 0 9.140625e-01 0 
0 0 5.625000e-01 6.565654e-01 0 0 9.140625e-01 0 
0 1 0 1 
9472
1.488437e+00 1.015417e+00 1.245666e+00 1.339112e+00 1.214517e+00 1.380644e+00 1.159141e+00 1.454478e+00 5.213166e-01 2.250000e+00 0 7.500000e-01 2 0 1.125000e+00 1.500000e+00 1 1 
0 0 1 1.488437e+00 0 0 5.213166e-01 2.250000e+00 
0 0 1 1.488437e+00 0 0 5.213166e-01 2.250000e+00 
0 1 0 1 
9472
5.000000e-01 4.158521e-01 1.226467e+00 1.771108e-01 2.790527e-01 4.077423e-01 7.857638e-01 1.202315e+00 8.627248e-01 1 8.789063e-01 1.828125e+00 5.625000e-01 2.250000e+00 0 0 5.625000e-01 2.250000e+00 
0 0 2.250000e+00 5.000000e-01 0 0 8.627248e-01 1 
0 0 2.250000e+00 5.000000e-01 0 0 8.627248e-01 1 
0 1 0 1 
9524
0 7.500000e-01 2 9.740148e-01 9.326573e-01 7.109375e-01 5.937500e-01 8.654640e-01 7.500000e-01 7.009277e-01 5.654297e-01 4.042969e-01 4.042969e-01 0 1.076667e+00 1.423333e+00 1.313160e+00 9.915270e-01 1.427964e+00 5.000000e-01 1.279471e-01 1.381655e+00 2.963664e+00 2.996364e+00 2.999714e+00 9.163575e-01 
2.999714e+00 7.009277e-01 1.381655e+00 0 0 0 7.500000e-01 0 
2.999714e+00 7.009277e-01 1.381655e+00 0 0 0 7.500000e-01 0 
1 1 0 1 
9496
3.372628e-01 0 0 0 0 0 0 4.068077e-01 0 0 0 0 0 0 
0 4.068077e-01 0 0 0 0 0 3.372628e-01 
0 4.068077e-01 0 0 0 0 0 3.372628e-01 
1 0 0 1 
