6
9
random

0 
 
 
0 0 0 0 
9484
3.214286e-01 0 0 0 0 0 0 3.643341e-01 0 0 0 0 0 0 
0 0 0 3.214286e-01 0 3.643341e-01 0 0 
0 0 0 3.214286e-01 0 3.643341e-01 0 0 
0 1 1 0 
9472
3.214286e-01 3.214286e-01 3.214286e-01 3.214286e-01 3.214286e-01 3.214286e-01 3.214286e-01 3.214286e-01 3.214286e-01 2.250000e+00 2.571429e+00 2.571429e+00 2.571429e+00 2.571429e+00 2.571429e+00 2.571429e+00 2.571429e+00 2.571429e+00 
0 0 2.571429e+00 3.214286e-01 0 0 3.214286e-01 2.250000e+00 
0 0 2.571429e+00 3.214286e-01 0 0 3.214286e-01 2.250000e+00 
0 1 0 1 
9472
3.214286e-01 3.214286e-01 3.214286e-01 3.214286e-01 3.214286e-01 3.214286e-01 3.214286e-01 3.214286e-01 3.214286e-01 2.571429e+00 2.571429e+00 2.571429e+00 2.571429e+00 2.571429e+00 2.571429e+00 2.571429e+00 2.571429e+00 2.571429e+00 
0 0 2.571429e+00 3.214286e-01 0 0 3.214286e-01 2.571429e+00 
0 0 2.571429e+00 3.214286e-01 0 0 3.214286e-01 2.571429e+00 
0 1 0 1 
9488
3.214286e-01 3.214286e-01 3.214286e-01 3.214286e-01 3.214286e-01 3.214286e-01 3.214286e-01 2.571429e+00 2.571429e+00 2.571429e+00 2.571429e+00 2.571429e+00 2.571429e+00 2.571429e+00 
0 0 0 0 2.571429e+00 3.214286e-01 3.214286e-01 2.571429e+00 
0 0 0 0 2.571429e+00 3.214286e-01 3.214286e-01 2.571429e+00 
0 0 1 1 

0 
 
 
0 0 0 0 

0 
 
 
0 0 0 0 
9474
0 1.500000e+00 1 0 6.433187e-01 2.169181e+00 2.014724e+00 2.557008e+00 2.568836e+00 3.182070e-01 3.257240e-01 3.157014e-01 3.290648e-01 3.112469e-01 3.350042e-01 3.033278e-01 3.455629e-01 2.892494e-01 
2.892494e-01 0 0 0 2.568836e+00 3.182070e-01 0 0 
2.892494e-01 0 0 0 2.568836e+00 3.182070e-01 0 0 
1 0 1 0 

0 
 
 
0 0 0 0 
9484
3.214286e-01 3.214286e-01 3.214286e-01 3.214286e-01 3.214286e-01 3.214286e-01 3.214286e-01 2.571429e+00 2.571429e+00 2.571429e+00 2.571429e+00 2.571429e+00 2.571429e+00 2.571429e+00 
0 0 2.571429e+00 3.214286e-01 3.214286e-01 2.571429e+00 0 0 
0 0 2.571429e+00 3.214286e-01 3.214286e-01 2.571429e+00 0 0 
0 1 1 0 
9711
1.285714e+00 1.285714e+00 1.285714e+00 9.642857e-01 1.607143e+00 1.285714e+00 2.571429e+00 3.214286e-01 1.285714e+00 1.285714e+00 1.285714e+00 9.642857e-01 1.607143e+00 1.285714e+00 2.571429e+00 3.214286e-01 1.285714e+00 1.285714e+00 1.285714e+00 9.642857e-01 1.607143e+00 1.285714e+00 2.571429e+00 3.214286e-01 1.285714e+00 1.285714e+00 1.285714e+00 9.642857e-01 1.607143e+00 1.285714e+00 2.571429e+00 3.214286e-01 
3.214286e-01 2.571429e+00 3.214286e-01 2.571429e+00 3.214286e-01 2.571429e+00 3.214286e-01 2.571429e+00 
3.214286e-01 2.571429e+00 3.214286e-01 2.571429e+00 3.214286e-01 2.571429e+00 3.214286e-01 2.571429e+00 
1 1 1 1 
9488
2.571429e+00 2.571429e+00 2.571429e+00 2.571429e+00 2.571429e+00 2.571429e+00 2.571429e+00 3.214286e-01 3.214286e-01 3.214286e-01 3.214286e-01 3.214286e-01 3.214286e-01 3.214286e-01 
0 0 0 0 3.214286e-01 2.571429e+00 2.571429e+00 3.214286e-01 
0 0 0 0 3.214286e-01 2.571429e+00 2.571429e+00 3.214286e-01 
0 0 1 1 
9484
3.104426e-01 3.360765e-01 3.018980e-01 3.474693e-01 2.333221e-01 4.389038e-01 1.647949e-01 2.101308e+00 2.315019e+00 2.440016e+00 2.510926e+00 2.568493e+00 2.569989e+00 2.583605e+00 
0 0 2.583605e+00 3.104426e-01 1.647949e-01 2.101308e+00 0 0 
0 0 2.583605e+00 3.104426e-01 1.647949e-01 2.101308e+00 0 0 
0 1 1 0 
9711
1.281637e+00 1.291151e+00 1.278466e+00 9.715342e-01 1.597508e+00 1.296142e+00 2.573146e+00 3.238447e-01 1.273426e+00 1.302099e+00 1.263869e+00 9.861315e-01 1.599412e+00 1.288772e+00 2.561224e+00 3.287105e-01 1.281637e+00 1.291151e+00 1.278466e+00 9.715342e-01 1.598419e+00 1.294930e+00 2.572535e+00 3.238447e-01 1.271810e+00 1.304253e+00 1.260996e+00 9.890041e-01 1.598713e+00 1.288772e+00 2.559845e+00 3.296680e-01 
3.238447e-01 2.573146e+00 3.287105e-01 2.561224e+00 3.238447e-01 2.572535e+00 3.296680e-01 2.559845e+00 
3.238447e-01 2.573146e+00 3.287105e-01 2.561224e+00 3.238447e-01 2.572535e+00 3.296680e-01 2.559845e+00 
1 1 1 1 
9472
5.892857e-01 5.892857e-01 5.892857e-01 5.892857e-01 2.032022e+00 2.577682e+00 2.589365e+00 2.573030e+00 2.581646e+00 3.117193e-01 3.343742e-01 3.041677e-01 3.444430e-01 2.907426e-01 3.623432e-01 2.668757e-01 3.941657e-01 2.244458e-01 
0 0 2.244458e-01 5.892857e-01 0 0 2.581646e+00 3.117193e-01 
0 0 2.244458e-01 5.892857e-01 0 0 2.581646e+00 3.117193e-01 
0 1 0 1 
9524
5.892857e-01 5.892857e-01 5.892857e-01 8.571429e-01 4.285714e-01 5.892857e-01 5.892857e-01 5.892857e-01 5.892857e-01 3.214286e-01 3.214286e-01 1.607143e-01 1.607143e-01 4.507390e-01 1.490147e-01 2.596991e-01 4.237104e-01 5.600527e-01 1.891315e-01 3.103247e-01 8.035714e-02 8.035714e-02 2.785714e+00 2.571429e+00 2.571429e+00 4.012417e-01 
2.571429e+00 3.214286e-01 8.035714e-02 5.892857e-01 0 0 5.892857e-01 4.507390e-01 
2.571429e+00 3.214286e-01 8.035714e-02 5.892857e-01 0 0 5.892857e-01 4.507390e-01 
1 1 0 1 
9508
3.214286e-01 3.214286e-01 3.214286e-01 3.214286e-01 1.607143e-01 2.008929e-01 2.008929e-01 3.832993e-01 4.415661e-01 8.035714e-02 8.035714e-02 4.017857e-02 4.017857e-02 2.071623e-01 1.121762e-01 1.004901e-01 1.328710e-01 3.008507e+00 4.330512e+00 2.571429e+00 2.571429e+00 2.571429e+00 5.892857e-01 5.892857e-01 5.892857e-01 4.285714e-01 
2.571429e+00 3.214286e-01 0 0 4.415661e-01 2.071623e-01 5.892857e-01 8.035714e-02 
2.571429e+00 3.214286e-01 0 0 4.415661e-01 2.071623e-01 5.892857e-01 8.035714e-02 
1 0 1 1 
9474
3.214286e-01 3.214286e-01 3.214286e-01 3.214286e-01 3.214286e-01 3.214286e-01 3.214286e-01 3.214286e-01 3.214286e-01 2.571429e+00 2.571429e+00 2.571429e+00 2.571429e+00 2.571429e+00 2.571429e+00 2.571429e+00 2.571429e+00 2.571429e+00 
2.571429e+00 3.214286e-01 0 0 3.214286e-01 2.571429e+00 0 0 
2.571429e+00 3.214286e-01 0 0 3.214286e-01 2.571429e+00 0 0 
1 0 1 0 
9500
5.625000e-01 2.250000e+00 0 1.116211e+00 1.996309e+00 2.252735e+00 1.532096e+00 1.629804e+00 1.827486e+00 1.956452e+00 3.870839e+00 2.218719e+00 7.395730e-01 4.231306e-01 1.858259e-01 5.022321e-01 2.733926e-01 2.807966e-01 1.434562e-01 1.454836e-01 1.449867e-01 1.429491e-01 9.013430e-01 6.371742e-01 9.866991e-01 1.434562e-01 
1.827486e+00 4.231306e-01 9.866991e-01 1.956452e+00 1.429491e-01 5.625000e-01 0 0 
1.827486e+00 4.231306e-01 9.866991e-01 1.956452e+00 1.429491e-01 5.625000e-01 0 0 
1 1 1 0 
9524
7.058007e-01 7.314606e-01 7.747192e-01 1.101949e+00 2.774686e+00 2.684699e+00 2.282195e+00 2.128774e+00 2.019375e+00 1.109826e+00 5.688717e+00 2.781483e+00 9.271610e-01 4.727672e-01 1.090391e+00 1.356368e-01 1.033988e+00 3.796243e-01 5.831950e-01 6.890050e-03 3.359982e-01 3.262820e-01 5.230345e-01 1.329218e+00 2.560709e+00 5.831950e-01 
2.560709e+00 1.109826e+00 3.262820e-01 7.058007e-01 0 0 2.019375e+00 4.727672e-01 
2.560709e+00 1.109826e+00 3.262820e-01 7.058007e-01 0 0 2.019375e+00 4.727672e-01 
1 1 0 1 
9472
1.698919e-01 1.602438e-01 0 0 0 0 0 0 0 1.608850e+00 2.924707e+00 2.862222e+00 2.689616e+00 2.413853e+00 2.088085e+00 1.784651e+00 1.555172e+00 1.416398e+00 
0 0 1.416398e+00 1.698919e-01 0 0 0 1.608850e+00 
0 0 1.416398e+00 1.698919e-01 0 0 0 1.608850e+00 
0 1 0 1 
9488
1.619078e-01 1.572135e-01 4.448013e-01 1.513890e-01 1.583535e-01 1.785410e-01 1.805128e-01 1.369028e+00 1.411265e+00 1.528188e+00 1.677782e+00 1.807234e+00 1.925063e+00 2.060334e+00 
0 0 0 0 2.060334e+00 1.619078e-01 1.805128e-01 1.369028e+00 
0 0 0 0 2.060334e+00 1.619078e-01 1.805128e-01 1.369028e+00 
0 0 1 1 
9474
4.886970e-01 5.452622e-01 6.164583e-01 7.408416e-01 6.914571e-01 6.566920e-01 5.002648e-01 4.701195e-01 2.042302e-01 2.770641e-01 3.805812e-01 2.425583e-01 4.265889e-01 1.812148e-01 3.247865e-01 1.774167e-01 2.048456e-01 2.352436e-01 
2.352436e-01 4.886970e-01 0 0 2.042302e-01 2.770641e-01 0 0 
2.352436e-01 4.886970e-01 0 0 2.042302e-01 2.770641e-01 0 0 
1 0 1 0 
9474
3.214286e-01 3.214286e-01 3.214286e-01 3.214286e-01 3.214286e-01 3.214286e-01 3.214286e-01 3.214286e-01 3.214286e-01 2.571429e+00 2.571429e+00 2.571429e+00 2.571429e+00 2.571429e+00 2.571429e+00 2.571429e+00 2.571429e+00 2.571429e+00 
2.571429e+00 3.214286e-01 0 0 3.214286e-01 2.571429e+00 0 0 
2.571429e+00 3.214286e-01 0 0 3.214286e-01 2.571429e+00 0 0 
1 0 1 0 
9474
9.776719e-02 9.039055e-02 7.671942e-02 5.940260e-02 3.565585e-02 1.589074e-02 1.099990e-04 3.918715e-01 3.766086e-01 0 1 1 0 0 1.406250e+00 1.125000e+00 1.500000e+00 1 
1 9.776719e-02 0 0 3.766086e-01 0 0 0 
1 9.776719e-02 0 0 3.766086e-01 0 0 0 
1 0 1 0 

0 
 
 
0 0 0 0 

0 
 
 
0 0 0 0 
9492
2.154355e+00 2.135548e+00 2.040555e+00 1.945090e+00 1.943347e+00 2.194550e+00 2.344654e+00 2.875775e-01 2.593203e-01 3.423896e-01 2.055950e-01 1.346490e-01 1.588615e-01 1.392253e-01 
1.392253e-01 2.154355e+00 2.344654e+00 2.875775e-01 0 0 0 0 
1.392253e-01 2.154355e+00 2.344654e+00 2.875775e-01 0 0 0 0 
1 1 0 0 
9711
1.229565e+00 1.360579e+00 1.185894e+00 1.064106e+00 1.566560e+00 1.317846e+00 1.730829e+00 3.547020e-01 1.271754e+00 1.304329e+00 1.260895e+00 9.891048e-01 1.569354e+00 1.327826e+00 1.810498e+00 3.297016e-01 1.281637e+00 1.291151e+00 1.278466e+00 9.715342e-01 1.597478e+00 1.296185e+00 2.573240e+00 3.238447e-01 1.242872e+00 1.342838e+00 1.209549e+00 1.040451e+00 1.566733e+00 1.288772e+00 2.408403e+00 3.468169e-01 
3.547020e-01 1.730829e+00 3.297016e-01 1.810498e+00 3.238447e-01 2.573240e+00 3.468169e-01 2.408403e+00 
3.547020e-01 1.730829e+00 3.297016e-01 1.810498e+00 3.238447e-01 2.573240e+00 3.468169e-01 2.408403e+00 
1 1 1 1 
9508
3.214286e-01 3.214286e-01 3.214286e-01 3.214286e-01 1.607143e-01 3.345020e-01 3.039973e-01 3.446702e-01 2.904397e-01 3.103979e-01 3.361362e-01 1.509092e-01 1.509092e-01 0 2.250000e+00 0 1.173788e+00 1.927998e+00 3.381936e+00 2.571429e+00 2.571429e+00 2.571429e+00 4.483636e-01 7.771819e-01 3.387575e-01 5.342630e-01 
2.571429e+00 3.214286e-01 0 0 2.904397e-01 0 3.387575e-01 3.103979e-01 
2.571429e+00 3.214286e-01 0 0 2.904397e-01 0 3.387575e-01 3.103979e-01 
1 0 1 1 
9492
4.096021e-01 0 0 0 0 0 0 4.679761e-01 0 0 0 0 0 0 
0 4.096021e-01 0 4.679761e-01 0 0 0 0 
0 4.096021e-01 0 4.679761e-01 0 0 0 0 
1 1 0 0 
9472
5.703474e-01 5.520368e-01 6.077009e-01 5.022321e-01 2.678571e-01 7.294879e-01 1.802235e-01 1.877097e-01 4.111500e-01 0 1 0 0 1.125000e+00 1.500000e+00 1 0 0 
0 0 0 5.703474e-01 0 0 4.111500e-01 0 
0 0 0 5.703474e-01 0 0 4.111500e-01 0 
0 1 0 1 
9472
5.000000e-01 0 7.500000e-01 5.000000e-01 0 2.569624e-01 2.198835e-01 5.669141e-01 5.566145e-01 1.353516e+00 1.195313e+00 1.406250e+00 1.125000e+00 1.500000e+00 1 0 1 1.125000e+00 
0 0 1.125000e+00 5.000000e-01 0 0 5.566145e-01 1.353516e+00 
0 0 1.125000e+00 5.000000e-01 0 0 5.566145e-01 1.353516e+00 
0 1 0 1 
9472
5.477815e-01 1.144625e+00 1.821671e-01 6.946106e-01 9.488525e-01 6.098633e-01 5.097656e-01 1.195313e+00 2.812500e-01 1.500000e+00 1 5.625000e-01 2.250000e+00 0 4.612364e-01 3.052658e-01 2.042751e-01 7.188912e-01 
0 0 7.188912e-01 5.477815e-01 0 0 2.812500e-01 1.500000e+00 
0 0 7.188912e-01 5.477815e-01 0 0 2.812500e-01 1.500000e+00 
0 1 0 1 
9524
0 0 0 0 0 1.645324e-01 7.181234e-01 9.175021e-01 6.516639e-01 3.182070e-01 3.257240e-01 1.578507e-01 1.578507e-01 1.635691e-01 2.851194e-01 5.715603e-01 5.676178e-01 6.127430e-01 2.737641e-01 3.127840e-01 2.533360e-01 3.210900e-01 3.127840e-01 1.713151e+00 2.565406e+00 2.737641e-01 
2.565406e+00 3.182070e-01 3.210900e-01 0 0 0 6.516639e-01 1.635691e-01 
2.565406e+00 3.182070e-01 3.210900e-01 0 0 0 6.516639e-01 1.635691e-01 
1 1 0 1 
9496
2.144113e-01 0 0 0 0 0 0 3.627471e-01 0 0 0 0 0 0 
0 3.627471e-01 0 0 0 0 0 2.144113e-01 
0 3.627471e-01 0 0 0 0 0 2.144113e-01 
1 0 0 1 
