6
9
random

0 
 
 
0 0 0 0 
9484
3.214286e-01 0 0 0 0 0 0 1.125000e+00 0 0 0 0 0 0 
0 0 0 3.214286e-01 0 1.125000e+00 0 0 
0 0 0 3.214286e-01 0 1.125000e+00 0 0 
0 1 1 0 
9472
0 0 0 3.214286e-01 3.214286e-01 3.214286e-01 3.214286e-01 3.214286e-01 3.214286e-01 2.250000e+00 2.571429e+00 2.571429e+00 2.571429e+00 2.571429e+00 2.571429e+00 2.560556e+00 2.504380e+00 2.361223e+00 
0 0 2.361223e+00 0 0 0 3.214286e-01 2.250000e+00 
0 0 2.361223e+00 0 0 0 3.214286e-01 2.250000e+00 
0 1 0 1 
9472
1.205357e-01 1.205357e-01 4.557020e-01 0 0 0 0 0 0 2.127459e+00 1.853829e+00 1.611676e+00 1.443171e+00 1.349895e+00 1.307259e+00 1.292203e+00 1.286764e+00 1.286542e+00 
0 0 1.286542e+00 1.205357e-01 0 0 0 2.127459e+00 
0 0 1.286542e+00 1.205357e-01 0 0 0 2.127459e+00 
0 1 0 1 
9488
1.875000e-01 5.964007e-01 0 0 1.205357e-01 1.205357e-01 1.205357e-01 1.285033e+00 1.402518e+00 1.777814e+00 2.294258e+00 2.704060e+00 2.911864e+00 2.981865e+00 
0 0 0 0 2.981865e+00 1.875000e-01 1.205357e-01 1.285033e+00 
0 0 0 0 2.981865e+00 1.875000e-01 1.205357e-01 1.285033e+00 
0 0 1 1 

0 
 
 
0 0 0 0 

0 
 
 
0 0 0 0 
9474
0 7.500000e-01 2 0 0 2 0 7.500000e-01 2 1.875000e-01 7.674379e-01 0 0 5.284424e-01 7.954102e-01 4.394531e-01 9.140625e-01 2.812500e-01 
2.812500e-01 0 0 0 2 1.875000e-01 0 0 
2.812500e-01 0 0 0 2 1.875000e-01 0 0 
1 0 1 0 

0 
 
 
0 0 0 0 
9484
0 0 2.878689e-01 2.761695e-01 3.841204e-01 5.460467e-01 4.125628e-01 2.902672e+00 2.968889e+00 2.991951e+00 2.998330e+00 2.465791e+00 1.872768e+00 1.378415e+00 
0 0 1.378415e+00 0 4.125628e-01 2.902672e+00 0 0 
0 0 1.378415e+00 0 4.125628e-01 2.902672e+00 0 0 
0 1 1 0 
9532
2.997549e+00 2.999804e+00 2.999993e+00 1.116211e+00 5.654297e-01 8.085937e-01 4.218750e-01 1.133789e+00 20 1.378418e+00 1.191650e+00 1.412842e+00 7.382812e-01 8.437501e-01 3.749999e-01 1.125000e+00 4.218750e-01 0 8.035714e-02 2.410714e-01 2.410714e+00 1.116211e+00 5.654297e-01 8.085937e-01 4.218750e-01 1.133789e+00 0 1.378418e+00 1.191650e+00 1.412842e+00 7.382812e-01 8.437501e-01 3.749999e-01 1.125000e+00 4.218750e-01 0 
4.218750e-01 2.997549e+00 1.125000e+00 1.378418e+00 4.218750e-01 8.035714e-02 1.125000e+00 1.378418e+00 
4.218750e-01 2.997549e+00 1.125000e+00 1.378418e+00 4.218750e-01 8.035714e-02 1.125000e+00 1.378418e+00 
1 1 1 1 
9488
2.902672e+00 2.968889e+00 2.991951e+00 2.998330e+00 2.465791e+00 1.872768e+00 1.378415e+00 0 0 6.780134e-02 2.100481e-01 3.103376e-01 2.067522e-01 3.649554e-01 
0 0 0 0 3.649554e-01 2.902672e+00 1.378415e+00 0 
0 0 0 0 3.649554e-01 2.902672e+00 1.378415e+00 0 
0 0 1 1 
9484
0 0 2.878689e-01 4.801229e-01 7.215576e-01 7.055054e-01 8.093262e-01 2.902682e+00 2.968890e+00 2.991951e+00 2.998330e+00 2.465791e+00 1.872768e+00 1.378415e+00 
0 0 1.378415e+00 0 8.093262e-01 2.902682e+00 0 0 
0 0 1.378415e+00 0 8.093262e-01 2.902682e+00 0 0 
0 1 1 0 
9532
2.837092e+00 2.997248e+00 2.999872e+00 1.116211e+00 5.654297e-01 8.085937e-01 4.218750e-01 1.133789e+00 20 1.378418e+00 1.191650e+00 1.412842e+00 7.382812e-01 8.437501e-01 3.749999e-01 1.125000e+00 4.218750e-01 0 2.581343e+00 2.999739e+00 2.999993e+00 1.116211e+00 5.654297e-01 1.070895e+00 2.841926e+00 1.133789e+00 0 1.378418e+00 1.191650e+00 1.412842e+00 7.382812e-01 8.437501e-01 3.749999e-01 1.125000e+00 4.218750e-01 0 
4.218750e-01 2.837092e+00 1.125000e+00 1.378418e+00 2.841926e+00 2.581343e+00 1.125000e+00 1.378418e+00 
4.218750e-01 2.837092e+00 1.125000e+00 1.378418e+00 2.841926e+00 2.581343e+00 1.125000e+00 1.378418e+00 
1 1 1 1 
9472
1.869166e+00 2.752068e+00 2.902672e+00 2.968889e+00 2.991951e+00 2.998330e+00 2.465791e+00 1.872768e+00 1.378415e+00 0 0 4.098759e-01 3.810854e-01 5.383873e-01 5.108185e-01 5.689087e-01 4.914551e-01 5.947266e-01 
0 0 5.947266e-01 1.869166e+00 0 0 1.378415e+00 0 
0 0 5.947266e-01 1.869166e+00 0 0 1.378415e+00 0 
0 1 0 1 
9524
5.373884e-01 3.816964e-01 8.035714e-01 2.410714e-01 1.205357e-01 2.142857e-01 4.955357e-01 1.205357e-01 1.205357e-01 5.905413e-01 5.208198e-01 3.046875e-01 3.046875e-01 4.570313e-01 1.406250e-01 5.625000e-01 9.375000e-02 3.750000e-01 0 0 0 0 1.205357e-01 1.205357e-01 1.754542e+00 0 
1.754542e+00 5.905413e-01 0 5.373884e-01 0 0 1.205357e-01 4.570313e-01 
1.754542e+00 5.905413e-01 0 5.373884e-01 0 0 1.205357e-01 4.570313e-01 
1 1 0 1 
9508
1.875000e-01 7.064345e-01 0 0 2.642212e-01 5.182408e-01 3.804408e-01 6.177455e-01 3.013393e-01 0 1.607143e-01 8.035714e-02 8.035714e-02 1.125000e+00 0 0 1.205357e-01 1.607143e-01 8.035714e-02 8.035714e-02 8.035714e-02 8.035714e-02 3.445783e-01 4.780622e-01 3.000837e-01 8.035714e-02 
8.035714e-02 1.875000e-01 0 0 3.013393e-01 1.125000e+00 3.000837e-01 0 
8.035714e-02 1.875000e-01 0 0 3.013393e-01 1.125000e+00 3.000837e-01 0 
1 0 1 1 
9474
1.540179e-01 4.352679e-01 6.026786e-02 6.026786e-02 2.278510e-01 0 0 0 0 2.127459e+00 1.853829e+00 1.611676e+00 1.473238e+00 1.510256e+00 1.748253e+00 2.116283e+00 2.483536e+00 2.752068e+00 
2.752068e+00 1.540179e-01 0 0 0 2.127459e+00 0 0 
2.752068e+00 1.540179e-01 0 0 0 2.127459e+00 0 0 
1 0 1 0 
9500
1.125000e+00 1.500000e+00 1 7.500000e-01 1.398545e+00 2.458430e+00 2.117317e+00 2.483802e+00 2.752124e+00 2.185705e+00 4.153829e+00 2.293164e+00 7.643879e-01 6.708984e-01 8.554688e-01 6.093750e-01 3.581949e-01 9.445522e-01 1.000514e-01 9.450968e-02 8.361343e-02 6.994955e-02 1.094510e+00 8.361343e-02 6.994955e-02 1.000514e-01 
2.752124e+00 6.708984e-01 6.994955e-02 2.185705e+00 6.994955e-02 1.125000e+00 0 0 
2.752124e+00 6.708984e-01 6.994955e-02 2.185705e+00 6.994955e-02 1.125000e+00 0 0 
1 1 1 0 
9524
3.214286e-01 3.214286e-01 3.214286e-01 4.866415e-01 2.888257e+00 2.860116e+00 2.660822e+00 2.519162e+00 2.348124e+00 2.860475e+00 5.721536e+00 2.888257e+00 9.627525e-01 5.502122e-01 5.337128e-01 1.952383e-02 3.695175e-01 3.669969e-01 1.835022e-01 1.835082e-01 1.835177e-01 1.835327e-01 4.268635e-01 4.269696e-01 4.272210e-01 1.835022e-01 
4.272210e-01 2.860475e+00 1.835327e-01 3.214286e-01 0 0 2.348124e+00 5.502122e-01 
4.272210e-01 2.860475e+00 1.835327e-01 3.214286e-01 0 0 2.348124e+00 5.502122e-01 
1 1 0 1 
9472
0 0 0 0 0 3.214286e-01 3.214286e-01 3.214286e-01 3.214286e-01 1.835563e-01 1.835932e-01 1.836506e-01 1.837391e-01 1.838741e-01 1.840772e-01 1.255737e+00 2.127459e+00 1.853829e+00 
0 0 1.853829e+00 0 0 0 3.214286e-01 1.835563e-01 
0 0 1.853829e+00 0 0 0 3.214286e-01 1.835563e-01 
0 1 0 1 
9488
2.477679e-01 6.696429e-01 1.071429e-01 1.071429e-01 1.787191e-01 0 0 1.611676e+00 1.473238e+00 1.510256e+00 1.748253e+00 2.116283e+00 2.483536e+00 2.752068e+00 
0 0 0 0 2.752068e+00 2.477679e-01 0 1.611676e+00 
0 0 0 0 2.752068e+00 2.477679e-01 0 1.611676e+00 
0 0 1 1 
9474
7.232143e-01 1.607143e-01 1.607143e-01 1.607143e-01 1.607143e-01 1.607143e-01 1.607143e-01 1.607143e-01 1.607143e-01 1.875000e-01 7.674379e-01 0 0 5.284424e-01 7.954102e-01 4.394531e-01 9.140625e-01 2.812500e-01 
2.812500e-01 7.232143e-01 0 0 1.607143e-01 1.875000e-01 0 0 
2.812500e-01 7.232143e-01 0 0 1.607143e-01 1.875000e-01 0 0 
1 0 1 0 
9474
0 0 0 3.214286e-01 3.214286e-01 3.214286e-01 3.214286e-01 3.214286e-01 3.214286e-01 2.571428e+00 2.571429e+00 2.571429e+00 2.571429e+00 2.571429e+00 2.571429e+00 2.560556e+00 2.504380e+00 2.361223e+00 
2.361223e+00 0 0 0 3.214286e-01 2.571428e+00 0 0 
2.361223e+00 0 0 0 3.214286e-01 2.571428e+00 0 0 
1 0 1 0 
9474
5.021217e-02 3.371281e-02 1.952383e-02 1.802381e-01 1.802382e-01 1.802383e-01 1.802386e-01 1.802392e-01 1.802406e-01 0 8.789063e-01 1.828125e+00 5.625000e-01 2.250000e+00 0 2 0 1.406250e+00 
1.406250e+00 5.021217e-02 0 0 1.802406e-01 0 0 0 
1.406250e+00 5.021217e-02 0 0 1.802406e-01 0 0 0 
1 0 1 0 

0 
 
 
0 0 0 0 

0 
 
 
0 0 0 0 
9492
2.902672e+00 2.968889e+00 2.991951e+00 2.998330e+00 2.465791e+00 1.872768e+00 1.378415e+00 0 0 6.349206e-02 3.118402e-01 4.691336e-01 3.268694e-01 5.641741e-01 
5.641741e-01 2.902672e+00 1.378415e+00 0 0 0 0 0 
5.641741e-01 2.902672e+00 1.378415e+00 0 0 0 0 0 
1 1 0 0 
9532
1.607143e-01 5.625000e-01 2.973214e+00 1.116211e+00 5.654297e-01 8.085937e-01 4.218750e-01 1.133789e+00 20 1.378418e+00 1.191650e+00 1.412842e+00 7.382812e-01 8.437501e-01 3.749999e-01 1.125000e+00 4.218750e-01 0 1.013024e+00 2.783434e+00 2.999783e+00 1.116211e+00 5.654297e-01 8.085937e-01 4.218750e-01 1.133789e+00 0 1.378418e+00 1.191650e+00 1.412842e+00 7.382812e-01 8.437501e-01 3.749999e-01 1.125000e+00 4.218750e-01 0 
4.218750e-01 1.607143e-01 1.125000e+00 1.378418e+00 4.218750e-01 1.013024e+00 1.125000e+00 1.378418e+00 
4.218750e-01 1.607143e-01 1.125000e+00 1.378418e+00 4.218750e-01 1.013024e+00 1.125000e+00 1.378418e+00 
1 1 1 1 
9508
3.214286e-01 3.214286e-01 3.214286e-01 3.214286e-01 1.607143e-01 2.899690e-01 3.241253e-01 3.696671e-01 3.196106e-01 0 0 2.049379e-01 2.049379e-01 0 0 2.250000e+00 1.292547e-01 1.163411e+00 2.863009e-01 1.254881e+00 2.090489e+00 2.571219e+00 1.724634e+00 1.871988e+00 1.378412e+00 2.863009e-01 
2.571219e+00 3.214286e-01 0 0 3.196106e-01 0 1.378412e+00 0 
2.571219e+00 3.214286e-01 0 0 3.196106e-01 0 1.378412e+00 0 
1 0 1 1 
9492
1.802433e-01 0 0 0 0 0 0 3.214286e-01 0 0 0 0 0 0 
0 1.802433e-01 0 3.214286e-01 0 0 0 0 
0 1.802433e-01 0 3.214286e-01 0 0 0 0 
1 1 0 0 
9472
3.214286e-01 3.214286e-01 3.214286e-01 3.214286e-01 3.214286e-01 3.214286e-01 3.214286e-01 3.214286e-01 3.214286e-01 0 0 0 1.406250e+00 1.125000e+00 1.500000e+00 1 0 2.250000e+00 
0 0 2.250000e+00 3.214286e-01 0 0 3.214286e-01 0 
0 0 2.250000e+00 3.214286e-01 0 0 3.214286e-01 0 
0 1 0 1 
9472
0 1.607143e-01 1.607143e-01 3.214286e-01 3.214286e-01 3.214286e-01 3.214286e-01 3.214286e-01 3.214286e-01 0 7.500000e-01 2 0 7.500000e-01 2 0 1.500000e+00 1 
0 0 1 0 0 0 3.214286e-01 0 
0 0 1 0 0 0 3.214286e-01 0 
0 1 0 1 
9472
8.035714e-02 1.205357e+00 1.340393e-01 0 4.921875e-01 8.437500e-01 3.750000e-01 1 0 0 1.875000e-01 1.875000e-01 1.875000e-01 1.875000e-01 1.875000e-01 1.875000e-01 1.875000e-01 1.875000e-01 
0 0 1.875000e-01 8.035714e-02 0 0 0 0 
0 0 1.875000e-01 8.035714e-02 0 0 0 0 
0 1 0 1 
9524
0 0 1.828125e+00 5.625000e-01 1.125000e+00 0 5.803571e-01 3.616071e-01 1.205357e+00 1.875000e-01 5.942460e-01 0 0 1.875000e-01 1.875000e-01 1.875000e-01 1.875000e-01 2.678571e-01 1.339286e-01 1.339286e-01 1.339286e-01 1.339286e-01 1.258929e+00 1.339286e-01 6.339286e-01 1.339286e-01 
6.339286e-01 1.875000e-01 1.339286e-01 0 0 0 1.205357e+00 1.875000e-01 
6.339286e-01 1.875000e-01 1.339286e-01 0 0 0 1.205357e+00 1.875000e-01 
1 1 0 1 
9496
1.607697e-01 0 0 0 0 0 0 3.863525e-01 0 0 0 0 0 0 
0 3.863525e-01 0 0 0 0 0 1.607697e-01 
0 3.863525e-01 0 0 0 0 0 1.607697e-01 
1 0 0 1 
